---------
Parameters: WN el-lr-ll-srfr-trfr 5
Q = 0.496513
---
Number of elements: 638
Number of lists: 10

200: 1 2 5 10 12 14 15 22 23 24 25 26 48 49 50 51 52 53 54 55 56 57 58 59 60 61 62 64 65 66 73 79 82 83 84 85 86 87 90 91 94 95 97 100 106 107 109 110 111 113 115 118 134 135 137 138 139 142 143 145 147 148 149 150 151 152 154 156 157 158 159 160 162 163 164 165 166 167 169 171 172 173 174 175 176 177 178 179 180 181 183 184 188 189 190 191 192 216 217 218 219 220 221 222 223 224 225 226 227 228 277 278 288 294 295 296 297 298 299 300 307 308 313 314 316 318 335 428 429 432 433 434 435 439 443 444 446 447 448 449 450 452 467 468 469 470 471 472 485 513 523 530 535 544 545 546 547 548 549 550 551 556 559 560 561 562 563 564 565 566 567 568 569 572 573 574 575 576 578 579 580 582 583 585 586 588 589 590 592 593 594 595 596 597 598 610 619 633 637 638
152: 6 7 11 13 18 19 21 44 45 127 131 136 140 186 193 194 214 215 229 230 234 235 239 240 241 242 320 321 322 323 324 325 326 327 330 350 355 356 364 367 368 369 370 371 372 373 374 375 376 377 378 379 380 381 382 383 384 385 386 387 388 389 390 391 392 393 394 395 396 397 398 400 402 403 404 405 406 407 408 409 410 411 412 413 414 415 416 417 418 419 420 421 422 423 424 425 438 442 473 474 475 476 477 478 479 480 481 482 487 488 489 490 491 495 496 497 498 499 501 502 503 504 505 506 507 508 511 553 554 555 557 591 599 600 601 602 603 604 605 606 607 608 609 611 612 613 614 615 616 617 618 620
134: 3 4 8 9 16 17 20 38 39 40 41 42 43 46 47 63 67 68 69 70 71 72 74 75 76 77 78 80 81 88 89 92 93 96 98 99 101 102 103 104 105 108 112 114 116 117 119 120 121 122 123 124 125 126 128 129 130 132 133 141 144 146 153 155 161 168 170 182 185 187 231 232 233 236 237 238 260 287 328 329 331 332 333 334 345 346 347 348 349 351 352 353 354 357 358 361 362 363 365 366 399 401 426 427 430 431 436 437 440 441 445 451 483 484 486 492 493 494 500 509 510 512 514 515 516 522 524 537 539 558 571 634 635 636
102: 27 28 29 30 31 32 33 34 35 36 37 195 196 197 198 200 202 203 204 205 207 208 209 212 213 243 244 245 246 247 248 249 250 251 252 253 254 255 256 257 258 259 261 262 263 264 265 266 267 268 269 270 271 272 273 274 275 276 279 280 281 282 283 284 285 286 289 290 291 292 293 301 302 303 304 305 306 315 336 337 338 339 340 341 342 343 344 359 360 457 458 459 460 461 462 533 538 540 552 570 577 581
26: 309 310 453 454 455 456 463 464 465 466 526 527 528 529 621 622 623 624 625 626 627 628 629 630 631 632
12: 206 210 211 317 319 531 532 534 536 541 543 587
8: 199 201 517 518 519 520 521 525
2: 311 312
1: 542
1: 584
